[Parameters]
c1 = 0.8
c2 = 0.9
# inertia weight
beta = 0.6
# r1 and r2 are random numbers between 0 and 1
r1 = 0.12843
r2 = 0.59403